2.790240  3.061307  3.060813  3.083443  2.125905  2.589121  3.036784  3.085912  3.031518  3.083278  3.081057  3.051843  
3.006896  2.665429  0.741058  0.933389  2.843437  2.641634  1.948545  1.139512  0.928160  0.519248  0.513262  0.097605  
3.016586  0.613087  2.803449  0.382952  2.903622  2.723492  2.103474  1.311907  1.158346  0.784636  0.778530  0.572407  
3.041986  0.785865  0.344468  2.783256  2.971392  2.783677  2.200757  1.430795  1.287674  0.976441  0.970467  0.766765  
2.548733  3.210400  3.231667  3.263133  2.451933  1.751467  2.225533  3.127533  3.051933  3.207600  3.208133  3.207733  
2.718910  2.773925  2.843107  2.880744  1.238593  2.912782  2.032285  2.597430  2.635151  2.819140  2.818564  2.767337  
3.157906  2.135317  2.309818  2.393230  2.231230  2.122889  2.579940  1.910300  1.937934  2.144309  2.147014  2.131223  
3.060448  0.968966  1.246654  1.384602  2.757950  2.450081  1.579077  2.781141  0.424503  0.923011  0.935544  0.962912  
3.043515  0.953770  1.290800  1.418244  2.771254  2.560503  1.784905  0.658781  2.789172  0.735495  0.747052  0.950822  
3.019530  0.372206  0.768784  0.990961  2.831491  2.636430  1.876846  0.975305  0.562263  2.727060  0.090550  0.334598  
3.015063  0.361354  0.755183  0.978944  2.830580  2.635569  1.880547  0.982345  0.570214  0.084791  2.734127  0.323048  
3.005824  0.113296  0.717743  0.933520  2.839586  2.639465  1.947436  1.134397  0.926259  0.496521  0.490622  2.673650  
headline_1.txt headline_10.txt headline_11.txt headline_12.txt headline_2.txt headline_3.txt headline_4.txt headline_5.txt headline_6.txt headline_7.txt headline_8.txt headline_9.txt 
